13851.4 24.6767 13221.9
13846.8 24.6773 13224.3
13852.4 24.6654 13216.4
12919.3 7.28886 10182.1
12058.9 58.8005 9070.86
12921.5 7.26952 10181.5
12061.6 57.8548 9072.62
6637.85 8.80116 2588.1
6637.97 7.56851 2586.28
6638.96 7.57217 2589.34
7733.95 122.348 12633.1
7746.1 122.829 12638.7
7744.23 122.835 12641.1
7733.9 122.349 12631.5
9528.73 307.997 8796.4
9526.38 308.009 8796.72
9525.83 307.316 8793.94
2729.26 207.59 5381.77
2728.7 206.814 5380.21
2731.3 206.819 5382.75
11096 46.7813 14338.5
11090 46.7667 14338.9
11638.1 59.1345 14112.9
11639.4 59.1465 14112.7
12780.8 7.01223 10059.1
11915.4 55.0182 9067.74
11914.7 54.9954 9061.92
12783 6.99826 10058.2
4814.85 339.128 9581.45
4814.05 339.157 9583.42
4826.84 339.143 9580.05
4831.28 339.147 9571.98
4820.45 345.243 9574.4
4817.5 345.243 9579.68
4830.5 343.166 9551.15
4832.05 339.186 9553.28
4821.7 344.632 9572.59
4857.01 347.233 9514.83
4852.94 347.687 9522.59
4843.86 347.659 9539.9
4850.2 347.274 9521.68
4839.9 347.687 9542.12
4836.08 347.238 9550.57
4837.51 347.257 9551.38
1693.64 448.36 14209.6
1691.65 451.698 14205.1
1695.29 448.343 14213.9
1690.5 448.377 14210.3
1683.66 448.36 14204.8
1689.44 448.363 14211.3
1688.47 448.404 14212.3
1694.79 448.341 14215.1
